# Blender v2.75 (sub 0) OBJ File: 'stuff01.blend'
# www.blender.org
mtllib stuff01.mtl
o Cube
v 0.468914 0.001000 0.528880
v 0.468914 0.003000 0.528880
v 0.826072 0.001000 0.483729
v 0.826072 0.003000 0.483729
v 0.499014 0.001000 0.766985
v 0.499014 0.003000 0.766985
v 0.856172 0.001000 0.721834
v 0.856172 0.003000 0.721834
vn -0.125400 0.000000 -0.992100
vn 0.992100 0.000000 -0.125400
vn 0.125400 0.000000 0.992100
vn -0.992100 0.000000 0.125400
vn 0.000000 -1.000000 0.000000
vn 0.000000 1.000000 0.000000
usemtl NoteCover
s off
f 4//1 3//1 1//1
f 8//2 7//2 3//2
f 6//3 5//3 7//3
f 2//4 1//4 5//4
f 3//5 7//5 5//5
f 8//6 4//6 2//6
f 2//1 4//1 1//1
f 4//2 8//2 3//2
f 8//3 6//3 7//3
f 6//4 2//4 5//4
f 1//5 3//5 5//5
f 6//6 8//6 2//6
o Cube.001_Cube.006
v 0.657927 0.004000 0.517081
v 0.657927 0.014000 0.517081
v 0.818648 0.004000 0.496763
v 0.818648 0.014000 0.496763
v 0.685017 0.004000 0.731375
v 0.685017 0.014000 0.731375
v 0.845738 0.004000 0.711058
v 0.845738 0.014000 0.711058
vn -0.125400 0.000000 -0.992100
vn 0.992100 0.000000 -0.125400
vn 0.125400 0.000000 0.992100
vn -0.992100 0.000000 0.125400
vn 0.000000 -1.000000 0.000000
vn 0.000000 1.000000 0.000000
usemtl Paper
s off
f 12//7 11//7 9//7
f 16//8 15//8 11//8
f 14//9 13//9 15//9
f 10//10 9//10 13//10
f 11//11 15//11 13//11
f 16//12 12//12 10//12
f 10//7 12//7 9//7
f 12//8 16//8 11//8
f 16//9 14//9 15//9
f 14//10 10//10 13//10
f 9//11 11//11 13//11
f 14//12 16//12 10//12
o Cube.002_Cube.007
v 0.479348 0.004000 0.539656
v 0.479348 0.014000 0.539656
v 0.640069 0.004000 0.519338
v 0.640069 0.014000 0.519338
v 0.506438 0.004000 0.753951
v 0.506438 0.014000 0.753951
v 0.667159 0.004000 0.733633
v 0.667159 0.014000 0.733633
vn -0.125400 0.000000 -0.992100
vn 0.992100 0.000000 -0.125400
vn 0.125400 0.000000 0.992100
vn -0.992100 0.000000 0.125400
vn 0.000000 -1.000000 -0.000000
vn 0.000000 1.000000 -0.000000
usemtl Paper
s off
f 20//13 19//13 17//13
f 24//14 23//14 19//14
f 22//15 21//15 23//15
f 18//16 17//16 21//16
f 17//17 19//17 23//17
f 22//18 24//18 20//18
f 18//13 20//13 17//13
f 20//14 24//14 19//14
f 24//15 22//15 23//15
f 22//16 18//16 21//16
f 21//17 17//17 23//17
f 18//18 22//18 20//18
o Book1_Cube.003
v 0.142008 0.040000 0.308862
v 0.142008 0.060000 0.308862
v 0.376511 0.040000 0.359933
v 0.376511 0.060000 0.359933
v 0.073913 0.040000 0.621533
v 0.073913 0.060000 0.621533
v 0.308417 0.040000 0.672604
v 0.308417 0.060000 0.672604
vn 0.212800 0.000000 -0.977100
vn 0.977100 0.000000 0.212800
vn -0.212800 0.000000 0.977100
vn -0.977100 0.000000 -0.212800
vn 0.000000 -1.000000 0.000000
vn 0.000000 1.000000 0.000000
usemtl Book1
s off
f 28//19 27//19 25//19
f 32//20 31//20 27//20
f 30//21 29//21 31//21
f 26//22 25//22 29//22
f 27//23 31//23 29//23
f 32//24 28//24 26//24
f 26//19 28//19 25//19
f 28//20 32//20 27//20
f 32//21 30//21 31//21
f 30//22 26//22 29//22
f 25//23 27//23 29//23
f 30//24 32//24 26//24
o Pen_Cube.002
v 0.877440 0.000000 0.440367
v 0.877440 0.010000 0.440367
v 0.887026 0.000000 0.437518
v 0.887026 0.010000 0.437518
v 0.923030 0.000000 0.593735
v 0.923030 0.010000 0.593735
v 0.932615 0.000000 0.590886
v 0.932615 0.010000 0.590886
vn -0.284900 0.000000 -0.958500
vn 0.958500 0.000000 -0.284900
vn 0.284900 0.000000 0.958500
vn -0.958500 0.000000 0.284900
vn 0.000000 -1.000000 0.000000
vn 0.000000 1.000000 0.000000
usemtl Pen
s off
f 36//25 35//25 33//25
f 40//26 39//26 35//26
f 38//27 37//27 39//27
f 34//28 33//28 37//28
f 33//29 35//29 39//29
f 38//30 40//30 36//30
f 34//25 36//25 33//25
f 36//26 40//26 35//26
f 40//27 38//27 39//27
f 38//28 34//28 37//28
f 37//29 33//29 39//29
f 34//30 38//30 36//30
o PencilCase_Cube.001
v 0.551441 0.010000 0.346771
v 0.551441 0.130000 0.346771
v 0.870624 0.010000 0.323925
v 0.870624 0.130000 0.323925
v 0.555724 0.010000 0.406618
v 0.555724 0.130000 0.406618
v 0.874908 0.010000 0.383772
v 0.874908 0.130000 0.383772
vn -0.071400 0.000000 -0.997400
vn 0.997400 0.000000 -0.071400
vn 0.071400 0.000000 0.997400
vn -0.997400 0.000000 0.071400
vn 0.000000 -1.000000 0.000000
vn 0.000000 1.000000 0.000000
usemtl PencilCase
s off
f 44//31 43//31 41//31
f 48//32 47//32 43//32
f 46//33 45//33 47//33
f 42//34 41//34 45//34
f 43//35 47//35 45//35
f 46//36 48//36 44//36
f 42//31 44//31 41//31
f 44//32 48//32 43//32
f 48//33 46//33 47//33
f 46//34 42//34 45//34
f 41//35 43//35 45//35
f 42//36 46//36 44//36
o Book2.001_Cube.008
v 0.201101 0.004000 0.309487
v 0.201101 0.036000 0.309487
v 0.419203 0.004000 0.388578
v 0.419203 0.036000 0.388578
v 0.094737 0.004000 0.602796
v 0.094737 0.036000 0.602796
v 0.312839 0.004000 0.681888
v 0.312839 0.036000 0.681888
vn 0.340900 0.000000 -0.940100
vn 0.940100 0.000000 0.340900
vn -0.340900 0.000000 0.940100
vn -0.940100 0.000000 -0.340900
vn 0.000000 -1.000000 -0.000000
vn 0.000000 1.000000 0.000000
usemtl Paper
s off
f 52//37 51//37 49//37
f 56//38 55//38 51//38
f 54//39 53//39 55//39
f 50//40 49//40 53//40
f 49//41 51//41 55//41
f 56//42 52//42 50//42
f 50//37 52//37 49//37
f 52//38 56//38 51//38
f 56//39 54//39 55//39
f 54//40 50//40 53//40
f 53//41 49//41 55//41
f 54//42 56//42 50//42
o Book2_Cube.004
v 0.198704 0.040000 0.304362
v 0.424327 0.040000 0.386181
v 0.424327 0.036000 0.386181
v 0.203405 0.036000 0.306067
v 0.203405 0.004000 0.306067
v 0.424327 0.004000 0.386181
v 0.424327 0.000000 0.386181
v 0.198704 0.000000 0.304362
v 0.089613 0.040000 0.605193
v 0.089613 0.000000 0.605193
v 0.315236 0.040000 0.687012
v 0.315236 0.036000 0.687012
v 0.315236 0.004000 0.687012
v 0.315236 0.000000 0.687012
v 0.094313 0.004000 0.606898
v 0.094313 0.036000 0.606898
vn 0.340900 0.000000 -0.940100
vn -0.940100 0.000000 -0.340900
vn 0.000000 1.000000 0.000000
vn 0.940100 0.000000 0.340900
vn 0.000000 -1.000000 0.000000
vn -0.340900 0.000000 0.940100
usemtl Book2
s off
f 57//43 60//43 61//43
f 57//44 64//44 66//44
f 65//45 67//45 58//45
f 67//46 68//46 59//46
f 70//46 63//46 62//46
f 63//47 70//47 66//47
f 72//48 66//48 71//48
f 71//46 61//46 60//46
f 59//47 68//47 72//47
f 69//45 62//45 61//45
f 61//43 63//43 64//43
f 60//43 58//43 59//43
f 61//43 62//43 63//43
f 57//43 58//43 60//43
f 61//43 64//43 57//43
f 65//44 57//44 66//44
f 57//45 65//45 58//45
f 58//46 67//46 59//46
f 69//46 70//46 62//46
f 64//47 63//47 66//47
f 72//48 68//48 67//48
f 70//48 69//48 71//48
f 72//48 67//48 65//48
f 66//48 70//48 71//48
f 66//48 72//48 65//48
f 72//46 71//46 60//46
f 60//47 59//47 72//47
f 71//45 69//45 61//45
