# Blender v2.75 (sub 0) OBJ File: 'stuff04.blend'
# www.blender.org
mtllib stuff04.mtl
o Cube_Cube.007
v 0.389950 0.020051 0.380000
v 0.390159 0.022040 0.380000
v 0.409841 0.017960 0.380000
v 0.410050 0.019949 0.380000
v 0.389950 0.020051 0.620000
v 0.390159 0.022040 0.620000
v 0.409841 0.017960 0.620000
v 0.410050 0.019949 0.620000
vn -0.000000 0.000000 -1.000000
vn 0.994500 -0.104500 0.000000
vn 0.000000 0.000000 1.000000
vn -0.994500 0.104500 0.000000
vn -0.104500 -0.994500 0.000000
vn 0.104500 0.994500 0.000000
vn -0.994500 0.104600 0.000000
usemtl PaperClip
s off
f 2//1 4//1 3//1
f 8//2 7//2 3//2
f 6//3 5//3 7//3
f 2//4 1//4 5//4
f 3//5 7//5 5//5
f 8//6 4//6 2//6
f 1//1 2//1 3//1
f 4//2 8//2 3//2
f 8//3 6//3 7//3
f 6//7 2//7 5//7
f 1//5 3//5 5//5
f 6//6 8//6 2//6
o Eraser_Cube.005
v 0.839195 -0.010000 0.185212
v 0.839195 0.010000 0.185212
v 0.869746 -0.010000 0.159392
v 0.869746 0.010000 0.159392
v 0.890835 -0.010000 0.246313
v 0.890835 0.010000 0.246313
v 0.921386 -0.010000 0.220493
v 0.921386 0.010000 0.220493
vn -0.645500 0.000000 -0.763800
vn 0.763800 0.000000 -0.645500
vn 0.645500 0.000000 0.763800
vn -0.763800 0.000000 0.645500
vn 0.000000 -1.000000 0.000000
vn 0.000000 1.000000 0.000000
usemtl Eraser
s off
f 12//8 11//8 9//8
f 16//9 15//9 11//9
f 14//10 13//10 15//10
f 10//11 9//11 13//11
f 9//12 11//12 15//12
f 16//13 12//13 10//13
f 10//8 12//8 9//8
f 12//9 16//9 11//9
f 16//10 14//10 15//10
f 14//11 10//11 13//11
f 13//12 9//12 15//12
f 14//13 16//13 10//13
o Pen01_Cube.003
v 0.814212 -0.005000 0.306775
v 0.814212 0.015000 0.306775
v 0.833590 -0.005000 0.301823
v 0.833590 0.015000 0.301823
v 0.873630 -0.005000 0.539303
v 0.873630 0.015000 0.539303
v 0.893007 -0.005000 0.534352
v 0.893007 0.015000 0.534352
vn -0.247600 0.000000 -0.968900
vn 0.968900 0.000000 -0.247600
vn 0.247600 0.000000 0.968900
vn -0.968900 0.000000 0.247600
vn 0.000000 -1.000000 0.000000
vn 0.000000 1.000000 0.000000
usemtl Pen01
s off
f 20//14 19//14 17//14
f 24//15 23//15 19//15
f 22//16 21//16 23//16
f 18//17 17//17 21//17
f 19//18 23//18 21//18
f 24//19 20//19 18//19
f 18//14 20//14 17//14
f 20//15 24//15 19//15
f 24//16 22//16 23//16
f 22//17 18//17 21//17
f 17//18 19//18 21//18
f 22//19 24//19 18//19
o BookRight_Cube.001
v 0.400000 0.000000 0.350000
v 0.400000 0.020000 0.350000
v 0.600000 0.000000 0.350000
v 0.600000 0.020000 0.350000
v 0.400000 0.000000 0.650000
v 0.400000 0.020000 0.650000
v 0.600000 0.000000 0.650000
v 0.600000 0.020000 0.650000
vn 0.000000 0.000000 -1.000000
vn 1.000000 0.000000 0.000000
vn 0.000000 0.000000 1.000000
vn -1.000000 0.000000 0.000000
vn 0.000000 -1.000000 0.000000
vn 0.000000 1.000000 0.000000
usemtl Paper
s off
f 28//20 27//20 25//20
f 32//21 31//21 27//21
f 30//22 29//22 31//22
f 26//23 25//23 29//23
f 27//24 31//24 29//24
f 32//25 28//25 26//25
f 26//20 28//20 25//20
f 28//21 32//21 27//21
f 32//22 30//22 31//22
f 30//23 26//23 29//23
f 25//24 27//24 29//24
f 30//25 32//25 26//25
o Pen02_Cube.004
v 0.774956 -0.005000 0.256098
v 0.774956 0.015000 0.256098
v 0.794795 -0.005000 0.253568
v 0.794795 0.015000 0.253568
v 0.805316 -0.005000 0.494170
v 0.805316 0.015000 0.494170
v 0.825155 -0.005000 0.491640
v 0.825155 0.015000 0.491640
vn -0.126500 0.000000 -0.992000
vn 0.992000 0.000000 -0.126500
vn 0.126500 0.000000 0.992000
vn -0.992000 0.000000 0.126500
vn 0.000000 -1.000000 0.000000
vn 0.000000 1.000000 -0.000000
usemtl Pen02
s off
f 36//26 35//26 33//26
f 40//27 39//27 35//27
f 38//28 37//28 39//28
f 34//29 33//29 37//29
f 35//30 39//30 37//30
f 40//31 36//31 34//31
f 34//26 36//26 33//26
f 36//27 40//27 35//27
f 40//28 38//28 39//28
f 38//29 34//29 37//29
f 33//30 35//30 37//30
f 38//31 40//31 34//31
o BookLeft_Cube.006
v 0.200360 0.041829 0.350000
v 0.204519 0.061392 0.350000
v 0.395990 0.000247 0.350000
v 0.400148 0.019810 0.350000
v 0.200360 0.041829 0.650000
v 0.204519 0.061392 0.650000
v 0.395990 0.000247 0.650000
v 0.400148 0.019810 0.650000
vn 0.000000 0.000000 -1.000000
vn 0.978100 -0.207900 0.000000
vn -0.000000 0.000000 1.000000
vn -0.978100 0.207900 0.000000
vn -0.207900 -0.978100 0.000000
vn 0.207900 0.978100 0.000000
usemtl Paper
s off
f 44//32 43//32 41//32
f 48//33 47//33 43//33
f 46//34 45//34 47//34
f 42//35 41//35 45//35
f 43//36 47//36 45//36
f 48//37 44//37 42//37
f 42//32 44//32 41//32
f 44//33 48//33 43//33
f 48//34 46//34 47//34
f 46//35 42//35 45//35
f 41//36 43//36 45//36
f 46//37 48//37 42//37
