# Blender v2.75 (sub 0) OBJ File: 'student03.blend'
# www.blender.org
mtllib student03.mtl
o Body
v 0.322564 -0.283449 0.256516
v 0.312228 0.303120 0.382333
v 0.722407 -0.278568 0.266606
v 0.712071 0.308001 0.392423
v 0.318144 -0.325459 0.452004
v 0.307808 0.261110 0.577821
v 0.717987 -0.320577 0.462094
v 0.707651 0.265992 0.587911
vn 0.022100 0.210000 -0.977400
vn 0.999600 0.012200 0.025200
vn -0.022100 -0.210000 0.977400
vn -0.999600 -0.012200 -0.025200
vn 0.017200 -0.977600 -0.209700
vn -0.017200 0.977600 0.209700
usemtl Shirt
s off
f 4//1 3//1 1//1
f 8//2 7//2 3//2
f 6//3 5//3 7//3
f 2//4 1//4 5//4
f 1//5 3//5 7//5
f 8//6 4//6 2//6
f 2//1 4//1 1//1
f 4//2 8//2 3//2
f 8//3 6//3 7//3
f 6//4 2//4 5//4
f 5//5 1//5 7//5
f 6//6 8//6 2//6
o LeftArmUpper
v 0.301236 -0.022094 0.168757
v 0.207964 0.250594 0.446141
v 0.397711 -0.014824 0.194050
v 0.304439 0.257864 0.471434
v 0.289035 -0.094893 0.236222
v 0.195764 0.177794 0.513605
v 0.385510 -0.087623 0.261514
v 0.292239 0.185065 0.538898
vn 0.122000 0.728000 -0.674600
vn 0.964700 0.072700 0.252900
vn -0.122000 -0.728000 0.674600
vn -0.964700 -0.072700 -0.252900
vn 0.233200 -0.681700 -0.693500
vn -0.233200 0.681700 0.693500
usemtl Shirt
s off
f 12//7 11//7 9//7
f 12//8 16//8 15//8
f 14//9 13//9 15//9
f 10//10 9//10 13//10
f 11//11 15//11 13//11
f 14//12 16//12 12//12
f 10//7 12//7 9//7
f 11//8 12//8 15//8
f 16//9 14//9 15//9
f 14//10 10//10 13//10
f 9//11 11//11 13//11
f 10//12 14//12 12//12
o LeftArmLower
v 0.438321 -0.057867 -0.088952
v 0.307589 0.009787 0.172452
v 0.528308 -0.044971 -0.047286
v 0.397576 0.022683 0.214118
v 0.440161 -0.154434 -0.063039
v 0.309430 -0.086780 0.198365
v 0.530148 -0.141538 -0.021373
v 0.399417 -0.073884 0.240031
vn -0.018400 0.965700 -0.259100
vn 0.899900 0.129000 0.416700
vn 0.018400 -0.965700 0.259100
vn -0.899900 -0.129000 -0.416700
vn 0.435800 -0.225500 -0.871300
vn -0.435800 0.225500 0.871300
usemtl Skin
s off
f 20//13 19//13 17//13
f 24//14 23//14 19//14
f 22//15 21//15 23//15
f 18//16 17//16 21//16
f 19//17 23//17 21//17
f 22//18 24//18 20//18
f 18//13 20//13 17//13
f 20//14 24//14 19//14
f 24//15 22//15 23//15
f 22//16 18//16 21//16
f 17//17 19//17 21//17
f 18//18 22//18 20//18
o Head
v 0.405811 0.255810 0.446856
v 0.388181 0.449670 0.400950
v 0.603487 0.267103 0.418631
v 0.585857 0.460963 0.372724
v 0.430577 0.303671 0.639459
v 0.412948 0.497531 0.593553
v 0.628253 0.314964 0.611234
v 0.610624 0.508824 0.565327
vn -0.123800 -0.239300 -0.963000
vn 0.988400 0.056500 -0.141100
vn 0.123800 0.239300 0.963000
vn -0.988400 -0.056500 0.141100
vn 0.088100 -0.969300 0.229500
vn -0.088100 0.969300 -0.229500
usemtl Skin
s off
f 28//19 27//19 25//19
f 32//20 31//20 27//20
f 30//21 29//21 31//21
f 26//22 25//22 29//22
f 25//23 27//23 31//23
f 30//24 32//24 28//24
f 26//19 28//19 25//19
f 28//20 32//20 27//20
f 32//21 30//21 31//21
f 30//22 26//22 29//22
f 29//23 25//23 31//23
f 26//24 30//24 28//24
o Hair_Cube
v 0.328163 0.483347 0.348379
v 0.624677 0.500286 0.306040
v 0.633491 0.403356 0.328994
v 0.584072 0.400533 0.336050
v 0.579665 0.448998 0.324573
v 0.381989 0.437705 0.352799
v 0.386396 0.389240 0.364275
v 0.336977 0.386417 0.371332
v 0.365313 0.555138 0.637283
v 0.362983 0.436671 0.573565
v 0.376205 0.291276 0.607995
v 0.387350 0.312813 0.694666
v 0.661827 0.572078 0.594945
v 0.683864 0.329753 0.652328
v 0.672719 0.308215 0.565657
v 0.659497 0.453610 0.531227
v 0.610078 0.450787 0.538283
v 0.623300 0.305392 0.572713
v 0.628253 0.314964 0.611234
v 0.610624 0.508824 0.565327
v 0.412948 0.497531 0.593553
v 0.430577 0.303671 0.639459
v 0.425624 0.294099 0.600939
v 0.412402 0.439494 0.566509
vn -0.123800 -0.239300 -0.963000
vn -0.988400 -0.056500 0.141100
vn -0.088100 0.969300 -0.229500
vn 0.988400 0.056500 -0.141100
vn 0.088100 -0.969300 0.229500
vn 0.123800 0.239300 0.963000
usemtl Hair
s off
f 33//25 34//25 37//25
f 41//26 33//26 42//26
f 45//27 34//27 33//27
f 45//28 46//28 48//28
f 37//26 49//26 52//26
f 37//29 52//29 53//29
f 53//28 54//28 56//28
f 41//30 44//30 46//30
f 54//29 51//29 46//29
f 51//25 54//25 53//25
f 47//25 50//25 49//25
f 36//29 35//29 48//29
f 55//25 43//25 42//25
f 40//29 39//29 56//29
f 38//25 40//25 33//25
f 35//25 36//25 37//25
f 38//25 39//25 40//25
f 34//25 35//25 37//25
f 37//25 38//25 33//25
f 42//26 44//26 41//26
f 33//26 40//26 42//26
f 42//26 43//26 44//26
f 41//27 45//27 33//27
f 48//28 35//28 34//28
f 46//28 47//28 48//28
f 48//28 34//28 45//28
f 49//26 51//26 52//26
f 49//26 37//26 36//26
f 49//26 50//26 51//26
f 38//29 37//29 53//29
f 56//28 38//28 53//28
f 54//28 55//28 56//28
f 56//28 39//28 38//28
f 45//30 41//30 46//30
f 54//29 43//29 55//29
f 51//29 47//29 46//29
f 44//29 43//29 54//29
f 51//29 50//29 47//29
f 46//29 44//29 54//29
f 52//25 51//25 53//25
f 48//25 47//25 49//25
f 49//29 36//29 48//29
f 56//25 55//25 42//25
f 42//29 40//29 56//29
o LeftLegUpper
v 0.310102 -0.494670 -0.058483
v 0.317147 -0.345074 -0.066943
v 0.459903 -0.501882 -0.061280
v 0.466947 -0.352287 -0.069739
v 0.320755 -0.466947 0.440634
v 0.327800 -0.317352 0.432175
v 0.470556 -0.474160 0.437837
v 0.477601 -0.324564 0.429378
vn -0.021300 -0.055400 -0.998200
vn 0.998700 -0.048100 -0.018600
vn 0.021300 0.055400 0.998200
vn -0.998700 0.048100 0.018600
vn -0.047000 -0.997300 0.056400
vn 0.047000 0.997300 -0.056400
usemtl Uniform
s off
f 58//31 60//31 59//31
f 64//32 63//32 59//32
f 62//33 61//33 63//33
f 58//34 57//34 61//34
f 59//35 63//35 61//35
f 62//36 64//36 60//36
f 57//31 58//31 59//31
f 60//32 64//32 59//32
f 64//33 62//33 63//33
f 62//34 58//34 61//34
f 57//35 59//35 61//35
f 58//36 62//36 60//36
o LeftLegLower
v 0.265512 -0.843923 -0.191876
v 0.322637 -0.460773 -0.092212
v 0.410588 -0.872201 -0.166318
v 0.467714 -0.489051 -0.066653
v 0.233985 -0.876420 -0.048873
v 0.291110 -0.493270 0.050792
v 0.379061 -0.904698 -0.023314
v 0.436186 -0.521548 0.076350
vn 0.210200 0.216600 -0.953400
vn 0.967200 -0.188500 0.170400
vn -0.210200 -0.216600 0.953400
vn -0.967200 0.188500 -0.170400
vn -0.142800 -0.957900 -0.249200
vn 0.142800 0.957900 0.249200
usemtl Uniform
s off
f 66//37 68//37 67//37
f 68//38 72//38 71//38
f 70//39 69//39 71//39
f 66//40 65//40 69//40
f 67//41 71//41 69//41
f 72//42 68//42 66//42
f 65//37 66//37 67//37
f 67//38 68//38 71//38
f 72//39 70//39 71//39
f 70//40 66//40 69//40
f 65//41 67//41 69//41
f 70//42 72//42 66//42
o RightLegUpper
v 0.583398 -0.442197 -0.065058
v 0.579293 -0.292747 -0.052900
v 0.733300 -0.438392 -0.061230
v 0.729196 -0.288942 -0.049072
v 0.571713 -0.483047 0.433134
v 0.567609 -0.333597 0.445292
v 0.721616 -0.479242 0.436962
v 0.717511 -0.329791 0.449120
vn 0.023400 0.081700 -0.996400
vn 0.999400 0.025400 0.025500
vn -0.023400 -0.081700 0.996400
vn -0.999400 -0.025400 -0.025500
vn 0.027400 -0.996300 -0.081100
vn -0.027400 0.996300 0.081100
usemtl Uniform
s off
f 76//43 75//43 73//43
f 80//44 79//44 75//44
f 78//45 77//45 79//45
f 74//46 73//46 77//46
f 75//47 79//47 77//47
f 80//48 76//48 74//48
f 74//43 76//43 73//43
f 76//44 80//44 75//44
f 80//45 78//45 79//45
f 78//46 74//46 77//46
f 73//47 75//47 77//47
f 78//48 80//48 74//48
o RightLegLower
v 0.573613 -0.700278 -0.332135
v 0.580389 -0.383208 -0.088372
v 0.723534 -0.704824 -0.330391
v 0.730310 -0.387753 -0.086627
v 0.569460 -0.791612 -0.213220
v 0.576236 -0.474542 0.030544
v 0.719381 -0.796157 -0.211475
v 0.726157 -0.479087 0.032288
vn 0.027700 0.608900 -0.792800
vn 0.999500 -0.030300 0.011600
vn -0.027700 -0.608900 0.792800
vn -0.999500 0.030300 -0.011600
vn -0.016900 -0.792700 -0.609400
vn 0.016900 0.792700 0.609400
usemtl Uniform
s off
f 82//49 84//49 83//49
f 88//50 87//50 83//50
f 88//51 86//51 85//51
f 86//52 82//52 81//52
f 83//53 87//53 85//53
f 88//54 84//54 82//54
f 81//49 82//49 83//49
f 84//50 88//50 83//50
f 87//51 88//51 85//51
f 85//52 86//52 81//52
f 81//53 83//53 85//53
f 86//54 88//54 82//54
o RightArmUpper
v 0.663868 -0.004913 0.187573
v 0.707778 0.255389 0.488097
v 0.760908 0.004427 0.165303
v 0.804818 0.264729 0.465827
v 0.685377 -0.080266 0.249697
v 0.729287 0.180037 0.550221
v 0.782418 -0.070925 0.227428
v 0.826328 0.189377 0.527952
vn -0.215100 0.753500 -0.621200
vn 0.970400 0.093400 -0.222700
vn 0.215100 -0.753500 0.621200
vn -0.970400 -0.093400 0.222700
vn -0.109800 -0.650800 -0.751300
vn 0.109800 0.650800 0.751300
usemtl Shirt
s off
f 92//55 91//55 89//55
f 96//56 95//56 91//56
f 94//57 93//57 95//57
f 90//58 89//58 93//58
f 91//59 95//59 93//59
f 94//60 96//60 92//60
f 90//55 92//55 89//55
f 92//56 96//56 91//56
f 96//57 94//57 95//57
f 94//58 90//58 93//58
f 89//59 91//59 93//59
f 90//60 94//60 92//60
o RightArmLower
v 0.572473 -0.047193 -0.073315
v 0.658517 0.025546 0.204723
v 0.666691 -0.036833 -0.105183
v 0.752736 0.035906 0.172855
v 0.589801 -0.143654 -0.053442
v 0.675846 -0.070915 0.224596
v 0.684020 -0.133294 -0.085310
v 0.770064 -0.060555 0.192728
vn -0.173300 0.964600 -0.198700
vn 0.942200 0.103600 -0.318700
vn 0.173300 -0.964600 0.198700
vn -0.942200 -0.103600 0.318700
vn -0.286800 -0.242500 -0.926800
vn 0.286800 0.242500 0.926800
usemtl Skin
s off
f 100//61 99//61 97//61
f 104//62 103//62 99//62
f 102//63 101//63 103//63
f 98//64 97//64 101//64
f 99//65 103//65 101//65
f 104//66 100//66 98//66
f 98//61 100//61 97//61
f 100//62 104//62 99//62
f 104//63 102//63 103//63
f 102//64 98//64 101//64
f 97//65 99//65 101//65
f 102//66 104//66 98//66
