# Blender v2.75 (sub 0) OBJ File: 'student01.blend'
# www.blender.org
mtllib student01.mtl
o Body
v 0.294784 -0.336636 0.222847
v 0.286461 0.228524 0.021538
v 0.692533 -0.345536 0.181416
v 0.684210 0.219624 -0.019893
v 0.315790 -0.269624 0.410111
v 0.307467 0.295536 0.208803
v 0.713539 -0.278524 0.368680
v 0.705216 0.286636 0.167372
vn -0.105000 -0.335100 -0.936300
vn 0.994400 -0.022300 -0.103600
vn 0.105000 0.335100 0.936300
vn -0.994400 0.022300 0.103600
vn 0.013900 -0.941900 0.335500
vn -0.013900 0.941900 -0.335500
usemtl Shirt
s off
f 4//1 3//1 1//1
f 8//2 7//2 3//2
f 6//3 5//3 7//3
f 2//4 1//4 5//4
f 3//5 7//5 5//5
f 6//6 8//6 4//6
f 2//1 4//1 1//1
f 4//2 8//2 3//2
f 8//3 6//3 7//3
f 6//4 2//4 5//4
f 1//5 3//5 5//5
f 2//6 6//6 4//6
o LeftArmUpper
v 0.131467 -0.068337 -0.085823
v 0.204870 0.243679 0.153463
v 0.229451 -0.077966 -0.103325
v 0.302854 0.234051 0.135961
v 0.139359 -0.130165 -0.007624
v 0.212762 0.181852 0.231662
v 0.237344 -0.139794 -0.025126
v 0.310746 0.172223 0.214160
vn -0.078900 0.618300 -0.782000
vn 0.979800 -0.096300 -0.175000
vn 0.078900 -0.618300 0.782000
vn -0.979800 0.096300 0.175000
vn -0.183500 -0.780000 -0.598200
vn 0.183500 0.780000 0.598200
usemtl Shirt
s off
f 10//7 12//7 11//7
f 16//8 15//8 11//8
f 14//9 13//9 15//9
f 10//10 9//10 13//10
f 11//11 15//11 13//11
f 16//12 12//12 10//12
f 9//7 10//7 11//7
f 12//8 16//8 11//8
f 16//9 14//9 15//9
f 14//10 10//10 13//10
f 9//11 11//11 13//11
f 14//12 16//12 10//12
o LeftArmLower
v 0.113201 -0.112837 -0.370175
v 0.131462 -0.038986 -0.079981
v 0.210897 -0.094447 -0.381002
v 0.229158 -0.020596 -0.090808
v 0.133655 -0.207999 -0.347244
v 0.151916 -0.134148 -0.057050
v 0.231352 -0.189609 -0.358072
v 0.249612 -0.115758 -0.067878
vn -0.204500 0.951600 -0.229300
vn 0.977000 0.183900 -0.108300
vn 0.204500 -0.951600 0.229300
vn -0.977000 -0.183900 0.108300
vn -0.060900 -0.246200 -0.967300
vn 0.060900 0.246200 0.967300
usemtl Skin
s off
f 20//13 19//13 17//13
f 24//14 23//14 19//14
f 22//15 21//15 23//15
f 18//16 17//16 21//16
f 17//17 19//17 23//17
f 24//18 20//18 18//18
f 18//13 20//13 17//13
f 20//14 24//14 19//14
f 24//15 22//15 23//15
f 22//16 18//16 21//16
f 21//17 17//17 23//17
f 22//18 24//18 18//18
o Head
v 0.387007 0.217974 0.037378
v 0.374991 0.393744 -0.057281
v 0.584462 0.214449 0.005766
v 0.572445 0.390219 -0.088893
v 0.416458 0.313327 0.210700
v 0.404441 0.489098 0.116040
v 0.613912 0.309803 0.179088
v 0.601895 0.485573 0.084429
vn -0.147300 -0.476800 -0.866600
vn 0.987300 -0.017600 -0.158100
vn 0.147300 0.476800 0.866600
vn -0.987300 0.017600 0.158100
vn 0.060100 -0.878900 0.473300
vn -0.060100 0.878900 -0.473300
usemtl Skin
s off
f 28//19 27//19 25//19
f 32//20 31//20 27//20
f 30//21 29//21 31//21
f 30//22 26//22 25//22
f 27//23 31//23 29//23
f 32//24 28//24 26//24
f 26//19 28//19 25//19
f 28//20 32//20 27//20
f 32//21 30//21 31//21
f 29//22 30//22 25//22
f 25//23 27//23 29//23
f 30//24 32//24 26//24
o Hair_Cube
v 0.315260 0.414729 -0.116373
v 0.611442 0.409442 -0.163791
v 0.617450 0.321557 -0.116461
v 0.568087 0.322438 -0.108558
v 0.565082 0.366381 -0.132223
v 0.367628 0.369905 -0.100611
v 0.370632 0.325963 -0.076947
v 0.321269 0.326844 -0.069044
v 0.359436 0.557760 0.143609
v 0.352191 0.426966 0.112944
v 0.361204 0.295138 0.183938
v 0.374457 0.338047 0.261933
v 0.655617 0.552473 0.096191
v 0.670639 0.332760 0.214515
v 0.657386 0.289851 0.136521
v 0.648373 0.421678 0.065526
v 0.599010 0.422559 0.073429
v 0.608022 0.290732 0.144424
v 0.613912 0.309803 0.179088
v 0.601895 0.485573 0.084429
v 0.404441 0.489098 0.116040
v 0.416458 0.313327 0.210700
v 0.410568 0.294257 0.176035
v 0.401555 0.426084 0.105041
vn -0.147300 -0.476800 -0.866600
vn -0.987300 0.017600 0.158100
vn -0.060100 0.878900 -0.473300
vn 0.987300 -0.017600 -0.158100
vn 0.060100 -0.878900 0.473300
vn 0.147300 0.476800 0.866600
usemtl Hair
s off
f 33//25 34//25 37//25
f 41//26 33//26 42//26
f 45//27 34//27 33//27
f 45//28 46//28 48//28
f 37//26 49//26 52//26
f 37//29 52//29 53//29
f 53//28 54//28 56//28
f 41//30 44//30 46//30
f 54//29 51//29 46//29
f 54//25 53//25 52//25
f 47//25 50//25 49//25
f 36//29 35//29 48//29
f 55//25 43//25 42//25
f 40//29 39//29 56//29
f 38//25 40//25 33//25
f 35//25 36//25 37//25
f 38//25 39//25 40//25
f 34//25 35//25 37//25
f 37//25 38//25 33//25
f 42//26 44//26 41//26
f 33//26 40//26 42//26
f 42//26 43//26 44//26
f 41//27 45//27 33//27
f 48//28 35//28 34//28
f 46//28 47//28 48//28
f 48//28 34//28 45//28
f 49//26 51//26 52//26
f 49//26 37//26 36//26
f 49//26 50//26 51//26
f 38//29 37//29 53//29
f 56//28 38//28 53//28
f 54//28 55//28 56//28
f 56//28 39//28 38//28
f 45//30 41//30 46//30
f 54//29 43//29 55//29
f 51//29 47//29 46//29
f 44//29 43//29 54//29
f 51//29 50//29 47//29
f 46//29 44//29 54//29
f 51//25 54//25 52//25
f 48//25 47//25 49//25
f 49//29 36//29 48//29
f 56//25 55//25 42//25
f 42//29 40//29 56//29
o LeftLegUpper
v 0.260435 -0.512484 -0.036912
v 0.258809 -0.363195 -0.051408
v 0.409380 -0.512586 -0.054670
v 0.407754 -0.363297 -0.069167
v 0.319382 -0.463860 0.457215
v 0.317756 -0.314571 0.442718
v 0.468327 -0.463963 0.439456
v 0.466701 -0.314674 0.424960
vn -0.117900 -0.097200 -0.988300
vn 0.993000 -0.000700 -0.118400
vn 0.117900 0.097200 0.988300
vn -0.993000 0.000700 0.118400
vn 0.010800 -0.995300 0.096600
vn -0.010800 0.995300 -0.096600
usemtl Uniform
s off
f 60//31 59//31 57//31
f 64//32 63//32 59//32
f 64//33 62//33 61//33
f 58//34 57//34 61//34
f 59//35 63//35 61//35
f 64//36 60//36 58//36
f 58//31 60//31 57//31
f 60//32 64//32 59//32
f 63//33 64//33 61//33
f 62//34 58//34 61//34
f 57//35 59//35 61//35
f 62//36 64//36 58//36
o LeftLegLower
v 0.262120 -0.898552 -0.085514
v 0.259515 -0.500121 -0.050211
v 0.410904 -0.895907 -0.104389
v 0.408300 -0.497476 -0.069086
v 0.281154 -0.911560 0.062704
v 0.278550 -0.513130 0.098007
v 0.429938 -0.908915 0.043829
v 0.427334 -0.510485 0.079132
vn -0.126900 0.086700 -0.988100
vn 0.991900 0.017600 -0.125800
vn 0.126900 -0.086700 0.988100
vn -0.991900 -0.017600 0.125800
vn 0.006500 -0.996100 -0.088300
vn -0.006500 0.996100 0.088300
usemtl Uniform
s off
f 68//37 67//37 65//37
f 72//38 71//38 67//38
f 70//39 69//39 71//39
f 66//40 65//40 69//40
f 67//41 71//41 69//41
f 70//42 72//42 68//42
f 66//37 68//37 65//37
f 68//38 72//38 67//38
f 72//39 70//39 71//39
f 70//40 66//40 69//40
f 65//41 67//41 69//41
f 66//42 70//42 68//42
o RightLegUpper
v 0.532290 -0.543612 -0.060986
v 0.511471 -0.396295 -0.080078
v 0.680291 -0.524694 -0.076407
v 0.659472 -0.377378 -0.095498
v 0.574745 -0.473686 0.432276
v 0.553926 -0.326370 0.413185
v 0.722746 -0.454769 0.416856
v 0.701927 -0.307452 0.397764
vn -0.084900 -0.139900 -0.986500
vn 0.986700 0.126100 -0.102800
vn 0.084900 0.139900 0.986500
vn -0.986700 -0.126100 0.102800
vn 0.138800 -0.982100 0.127300
vn -0.138800 0.982100 -0.127300
usemtl Uniform
s off
f 76//43 75//43 73//43
f 80//44 79//44 75//44
f 78//45 77//45 79//45
f 74//46 73//46 77//46
f 75//47 79//47 77//47
f 80//48 76//48 74//48
f 74//43 76//43 73//43
f 76//44 80//44 75//44
f 80//45 78//45 79//45
f 78//46 74//46 77//46
f 73//47 75//47 77//47
f 78//48 80//48 74//48
o RightLegLower
v 0.581475 -0.932548 -0.064220
v 0.531486 -0.535750 -0.071450
v 0.729820 -0.914085 -0.076580
v 0.679831 -0.517287 -0.083810
v 0.593402 -0.928322 0.085245
v 0.543413 -0.531524 0.078015
v 0.741747 -0.909859 0.072885
v 0.691758 -0.513061 0.065655
vn -0.079500 -0.028200 -0.996400
vn 0.989000 0.123100 -0.082400
vn 0.079500 0.028200 0.996400
vn -0.989000 -0.123100 0.082400
vn 0.125000 -0.992000 0.018100
vn -0.125000 0.992000 -0.018100
usemtl Uniform
s off
f 84//49 83//49 81//49
f 88//50 87//50 83//50
f 86//51 85//51 87//51
f 82//52 81//52 85//52
f 83//53 87//53 85//53
f 88//54 84//54 82//54
f 82//49 84//49 81//49
f 84//50 88//50 83//50
f 88//51 86//51 87//51
f 86//52 82//52 85//52
f 81//53 83//53 85//53
f 86//54 88//54 82//54
o RightArmUpper
v 0.714800 0.052301 -0.237598
v 0.670394 0.162162 0.144448
v 0.777190 0.129034 -0.252412
v 0.732784 0.238896 0.129634
v 0.792158 -0.005644 -0.211944
v 0.747752 0.104218 0.170102
v 0.854548 0.071090 -0.226758
v 0.810142 0.180951 0.155288
vn -0.773600 0.579400 -0.256500
vn 0.623900 0.767300 -0.148100
vn 0.773600 -0.579400 0.256500
vn -0.623900 -0.767300 0.148100
vn 0.111000 -0.274700 -0.955100
vn -0.111000 0.274700 0.955100
usemtl Shirt
s off
f 92//55 91//55 89//55
f 92//56 96//56 95//56
f 96//57 94//57 93//57
f 90//58 89//58 93//58
f 91//59 95//59 93//59
f 94//60 96//60 92//60
f 90//55 92//55 89//55
f 91//56 92//56 95//56
f 95//57 96//57 93//57
f 94//58 90//58 93//58
f 89//59 91//59 93//59
f 90//60 94//60 92//60
o RightArmLower
v 0.481874 0.271850 -0.160737
v 0.693750 0.061003 -0.186269
v 0.531863 0.312846 -0.084446
v 0.743740 0.101999 -0.109977
v 0.532004 0.329986 -0.224825
v 0.743881 0.119139 -0.250356
v 0.581994 0.370981 -0.148533
v 0.793871 0.160135 -0.174065
vn -0.501300 -0.581400 0.640900
vn 0.499900 0.410000 0.762900
vn 0.501300 0.581400 -0.640900
vn -0.499900 -0.410000 -0.762900
vn -0.706300 0.702800 0.085100
vn 0.706300 -0.702800 -0.085100
usemtl Skin
s off
f 98//61 100//61 99//61
f 100//62 104//62 103//62
f 102//63 101//63 103//63
f 98//64 97//64 101//64
f 99//65 103//65 101//65
f 102//66 104//66 100//66
f 97//61 98//61 99//61
f 99//62 100//62 103//62
f 104//63 102//63 103//63
f 102//64 98//64 101//64
f 97//65 99//65 101//65
f 98//66 102//66 100//66
