# Blender v2.75 (sub 0) OBJ File: 'student02.blend'
# www.blender.org
mtllib student02.mtl
o Body
v 0.301614 -0.345958 0.266903
v 0.294212 0.217590 0.061091
v 0.700183 -0.352813 0.233796
v 0.692780 0.210735 0.027984
v 0.318338 -0.277396 0.454038
v 0.310935 0.286153 0.248226
v 0.716907 -0.284251 0.420931
v 0.709504 0.279298 0.215119
vn -0.083600 -0.342800 -0.935700
vn 0.996400 -0.017100 -0.082800
vn 0.083600 0.342800 0.935700
vn -0.996400 0.017100 0.082800
vn 0.012300 -0.939200 0.343000
vn -0.012300 0.939200 -0.343000
usemtl Shirt
s off
f 2//1 4//1 3//1
f 8//2 7//2 3//2
f 6//3 5//3 7//3
f 2//4 1//4 5//4
f 3//5 7//5 5//5
f 8//6 4//6 2//6
f 1//1 2//1 3//1
f 4//2 8//2 3//2
f 8//3 6//3 7//3
f 6//4 2//4 5//4
f 1//5 3//5 5//5
f 6//6 8//6 2//6
o LeftArmUpper
v 0.180730 0.092403 -0.150011
v 0.207477 0.223552 0.226930
v 0.280507 0.090138 -0.156303
v 0.307253 0.221288 0.220638
v 0.180659 -0.002042 -0.117145
v 0.207406 0.129107 0.259795
v 0.280435 -0.004307 -0.123437
v 0.307182 0.126843 0.253504
vn 0.000700 0.944400 -0.328700
vn 0.997800 -0.022600 -0.062900
vn -0.000700 -0.944400 0.328700
vn -0.997800 0.022600 0.062900
vn -0.066900 -0.327900 -0.942400
vn 0.066900 0.327900 0.942400
vn 0.000700 0.944500 -0.328700
usemtl Shirt
s off
f 12//7 11//7 9//7
f 16//8 15//8 11//8
f 14//9 13//9 15//9
f 10//10 9//10 13//10
f 11//11 15//11 13//11
f 16//12 12//12 10//12
f 10//13 12//13 9//13
f 12//8 16//8 11//8
f 16//9 14//9 15//9
f 14//10 10//10 13//10
f 9//11 11//11 13//11
f 14//12 16//12 10//12
o LeftArmLower
v 0.222817 0.100751 -0.444221
v 0.187049 0.106007 -0.146408
v 0.321883 0.107617 -0.432445
v 0.286116 0.112873 -0.134631
v 0.229426 0.001003 -0.441667
v 0.193659 0.006258 -0.143853
v 0.328493 0.007869 -0.429891
v 0.292726 0.013124 -0.132077
vn -0.066100 0.997500 -0.025500
vn 0.990700 0.068700 0.117800
vn 0.066100 -0.997500 0.025500
vn -0.990700 -0.068700 -0.117800
vn 0.119200 -0.017500 -0.992700
vn -0.119200 0.017500 0.992700
usemtl Skin
s off
f 20//14 19//14 17//14
f 24//15 23//15 19//15
f 22//16 21//16 23//16
f 18//17 17//17 21//17
f 19//18 23//18 21//18
f 22//19 24//19 20//19
f 18//14 20//14 17//14
f 20//15 24//15 19//15
f 24//16 22//16 23//16
f 22//17 18//17 21//17
f 17//18 19//18 21//18
f 18//19 22//19 20//19
o Head
v 0.393854 0.215877 0.052815
v 0.391386 0.403726 -0.015789
v 0.593138 0.212449 0.036261
v 0.590671 0.400298 -0.032343
v 0.410577 0.284439 0.239950
v 0.408110 0.472289 0.171346
v 0.609862 0.281011 0.223396
v 0.607394 0.468861 0.154792
vn -0.083600 -0.342800 -0.935700
vn 0.996400 -0.017100 -0.082800
vn 0.083600 0.342800 0.935700
vn -0.996400 0.017100 0.082800
vn 0.012300 -0.939200 0.343000
vn -0.012300 0.939200 -0.343000
usemtl Skin
s off
f 28//20 27//20 25//20
f 28//21 32//21 31//21
f 30//22 29//22 31//22
f 26//23 25//23 29//23
f 27//24 31//24 29//24
f 30//25 32//25 28//25
f 26//20 28//20 25//20
f 27//21 28//21 31//21
f 32//22 30//22 31//22
f 30//23 26//23 29//23
f 25//24 27//24 29//24
f 26//25 30//25 28//25
o Hair_Cube
v 0.336767 0.434405 -0.075585
v 0.635694 0.429263 -0.100416
v 0.636928 0.335338 -0.066114
v 0.587107 0.336195 -0.061975
v 0.586490 0.383158 -0.079126
v 0.387205 0.386585 -0.062573
v 0.387822 0.339623 -0.045422
v 0.338001 0.340480 -0.041284
v 0.361853 0.537248 0.205117
v 0.355561 0.412471 0.155208
v 0.357412 0.271583 0.206661
v 0.364937 0.302437 0.290872
v 0.660779 0.532107 0.180287
v 0.663864 0.297295 0.266042
v 0.656338 0.266442 0.181831
v 0.654487 0.407329 0.130378
v 0.604666 0.408186 0.134516
v 0.606517 0.267299 0.185969
v 0.609862 0.281011 0.223396
v 0.607394 0.468861 0.154792
v 0.408110 0.472289 0.171346
v 0.410577 0.284439 0.239950
v 0.407233 0.270727 0.202523
v 0.405382 0.411614 0.151070
vn -0.083600 -0.342800 -0.935700
vn -0.996400 0.017100 0.082800
vn -0.012300 0.939200 -0.343000
vn 0.996400 -0.017100 -0.082800
vn 0.012300 -0.939200 0.343000
vn 0.083600 0.342800 0.935700
usemtl Hair
s off
f 33//26 34//26 37//26
f 41//27 33//27 42//27
f 45//28 34//28 33//28
f 45//29 46//29 48//29
f 37//27 49//27 52//27
f 37//30 52//30 53//30
f 53//29 54//29 56//29
f 41//31 44//31 46//31
f 44//30 51//30 46//30
f 51//26 54//26 53//26
f 48//26 47//26 50//26
f 36//30 35//30 48//30
f 55//26 43//26 42//26
f 40//30 39//30 56//30
f 38//26 40//26 33//26
f 35//26 36//26 37//26
f 38//26 39//26 40//26
f 34//26 35//26 37//26
f 37//26 38//26 33//26
f 42//27 44//27 41//27
f 33//27 40//27 42//27
f 42//27 43//27 44//27
f 41//28 45//28 33//28
f 48//29 35//29 34//29
f 46//29 47//29 48//29
f 48//29 34//29 45//29
f 49//27 51//27 52//27
f 49//27 37//27 36//27
f 49//27 50//27 51//27
f 38//30 37//30 53//30
f 56//29 38//29 53//29
f 54//29 55//29 56//29
f 56//29 39//29 38//29
f 45//31 41//31 46//31
f 54//30 43//30 55//30
f 51//30 47//30 46//30
f 44//30 43//30 54//30
f 51//30 50//30 47//30
f 51//30 44//30 54//30
f 52//26 51//26 53//26
f 49//26 48//26 50//26
f 49//30 36//30 48//30
f 56//26 55//26 42//26
f 42//30 40//30 56//30
o LeftLegUpper
v 0.307234 -0.497058 -0.007572
v 0.307248 -0.347167 -0.013295
v 0.457228 -0.497124 -0.008960
v 0.457241 -0.347233 -0.014682
v 0.311864 -0.477985 0.492042
v 0.311877 -0.328094 0.486320
v 0.461857 -0.478051 0.490655
v 0.461871 -0.328160 0.484933
vn -0.009300 -0.038100 -0.999200
vn 1.000000 -0.000400 -0.009200
vn 0.009300 0.038100 0.999200
vn -1.000000 0.000400 0.009200
vn -0.000100 -0.999300 0.038100
vn 0.000100 0.999300 -0.038100
usemtl Uniform
s off
f 60//32 59//32 57//32
f 64//33 63//33 59//33
f 62//34 61//34 63//34
f 58//35 57//35 61//35
f 59//36 63//36 61//36
f 64//37 60//37 58//37
f 58//32 60//32 57//32
f 60//33 64//33 59//33
f 64//34 62//34 63//34
f 62//35 58//35 61//35
f 57//36 59//36 61//36
f 62//37 64//37 58//37
o LeftLegLower
v 0.283524 -0.819550 -0.194605
v 0.312021 -0.451701 -0.040088
v 0.432121 -0.836115 -0.182575
v 0.460618 -0.468266 -0.028058
v 0.266062 -0.876094 -0.056772
v 0.294560 -0.508246 0.097745
v 0.414659 -0.892659 -0.044742
v 0.443156 -0.524811 0.109774
vn 0.116400 0.377000 -0.918900
vn 0.990600 -0.110400 0.080200
vn -0.116400 -0.377000 0.918900
vn -0.990600 0.110400 -0.080200
vn -0.071200 -0.919600 -0.386300
vn 0.071200 0.919600 0.386300
usemtl Uniform
s off
f 68//38 67//38 65//38
f 72//39 71//39 67//39
f 72//40 70//40 69//40
f 70//41 66//41 65//41
f 67//42 71//42 69//42
f 72//43 68//43 66//43
f 66//38 68//38 65//38
f 68//39 72//39 67//39
f 71//40 72//40 69//40
f 69//41 70//41 65//41
f 65//42 67//42 69//42
f 70//43 72//43 66//43
o RightLegUpper
v 0.536025 -0.500100 -0.023964
v 0.526989 -0.350402 -0.026945
v 0.685360 -0.491307 -0.034988
v 0.676325 -0.341609 -0.037969
v 0.572115 -0.487997 0.474585
v 0.563079 -0.338299 0.471604
v 0.721450 -0.479203 0.463561
v 0.712415 -0.329505 0.460580
vn -0.072200 -0.024200 -0.997100
vn 0.995600 0.058600 -0.073500
vn 0.072200 0.024200 0.997100
vn -0.995600 -0.058600 0.073500
vn 0.060200 -0.998000 0.019900
vn -0.060200 0.998000 -0.019900
usemtl Uniform
s off
f 76//44 75//44 73//44
f 80//45 79//45 75//45
f 78//46 77//46 79//46
f 78//47 74//47 73//47
f 75//48 79//48 77//48
f 80//49 76//49 74//49
f 74//44 76//44 73//44
f 76//45 80//45 75//45
f 80//46 78//46 79//46
f 77//47 78//47 73//47
f 73//48 75//48 77//48
f 78//49 80//49 74//49
o RightLegLower
v 0.611309 -0.706025 -0.349267
v 0.542710 -0.432597 -0.065486
v 0.758146 -0.676124 -0.342582
v 0.689547 -0.402696 -0.058801
v 0.627953 -0.811345 -0.243765
v 0.559354 -0.537917 0.040015
v 0.774790 -0.781444 -0.237080
v 0.706191 -0.508016 0.046700
vn -0.111000 0.702100 -0.703300
vn 0.978900 0.199300 0.044600
vn 0.111000 -0.702100 0.703300
vn -0.978900 -0.199300 -0.044600
vn 0.171500 -0.683600 -0.709500
vn -0.171500 0.683600 0.709500
usemtl Uniform
s off
f 84//50 83//50 81//50
f 84//51 88//51 87//51
f 88//52 86//52 85//52
f 82//53 81//53 85//53
f 83//54 87//54 85//54
f 86//55 88//55 84//55
f 82//50 84//50 81//50
f 83//51 84//51 87//51
f 87//52 88//52 85//52
f 86//53 82//53 85//53
f 81//54 83//54 85//54
f 82//55 86//55 84//55
o RightArmUpper
v 0.730456 0.058528 -0.192693
v 0.675660 0.168115 0.188080
v 0.807202 0.122222 -0.199980
v 0.752406 0.231810 0.180793
v 0.793085 -0.013531 -0.162941
v 0.738289 0.096057 0.217831
v 0.869831 0.050163 -0.170229
v 0.815035 0.159751 0.210544
vn -0.626300 0.720600 -0.297500
vn 0.767500 0.636900 -0.072900
vn 0.626300 -0.720600 0.297500
vn -0.767500 -0.636900 0.072900
vn 0.137000 -0.274000 -0.951900
vn -0.137000 0.274000 0.951900
usemtl Shirt
s off
f 92//56 91//56 89//56
f 96//57 95//57 91//57
f 94//58 93//58 95//58
f 90//59 89//59 93//59
f 89//60 91//60 95//60
f 96//61 92//61 90//61
f 90//56 92//56 89//56
f 92//57 96//57 91//57
f 96//58 94//58 95//58
f 94//59 90//59 93//59
f 93//60 89//60 95//60
f 94//61 96//61 90//61
o RightArmLower
v 0.640003 0.126555 -0.451005
v 0.723799 0.110450 -0.163396
v 0.734602 0.145209 -0.477522
v 0.818397 0.129104 -0.189913
v 0.656463 0.028457 -0.461294
v 0.740259 0.012352 -0.173685
v 0.751062 0.047111 -0.487811
v 0.834857 0.031006 -0.200202
vn -0.164600 0.981000 0.102900
vn 0.946000 0.186500 -0.265200
vn 0.164600 -0.981000 -0.102900
vn -0.946000 -0.186500 0.265200
vn -0.279300 0.053700 -0.958700
vn 0.279300 -0.053700 0.958700
usemtl Skin
s off
f 100//62 99//62 97//62
f 100//63 104//63 103//63
f 102//64 101//64 103//64
f 102//65 98//65 97//65
f 97//66 99//66 103//66
f 102//67 104//67 100//67
f 98//62 100//62 97//62
f 99//63 100//63 103//63
f 104//64 102//64 103//64
f 101//65 102//65 97//65
f 101//66 97//66 103//66
f 98//67 102//67 100//67
